{
"L0":9,
"L1":18,
"H0":3,
"H1":6,
"E0":2,

"id":"MCHP3094081800005198",

"D0":-9002.01498007995,
"D1":0.00113338668573147,
"D2":0,
"D3":0,
"D4":0,

"S10":7381.91983067123,
"S11":-0.000444324588581605,
"S12":0,
"S13":0,
"S14":0,

"S20":12881.5971547,
"S21":-0.00077535525,
"S22":0,
"S23":0,
"S24":0,

"S30":28057.1773644,
"S31":-0.00168878748,
"S32":0,
"S33":0,
"S34":0
}