{
"L0":9,
"L1":18,
"H0":3,
"H1":14,
"E0":2,

"id":"MCHP3094081800005198",

"a0":186.829135216026,
"a1":-0.000319661427046939,
"a2":6.55408285246509e-11,
"a3":-4.43925631399432e-18,
"a4":1.12623348492994e-25,

"b0":0,
"b1":1,
"b2":0,
"b3":0,
"b4":0
}