{
"L0":9,
"L1":18,
"H0":3,
"H1":14,
"E0":2,

"id":"MCHP3094081800005198",

"a0":-9002.01498007995,
"a1":0.00113338668573147,
"a2":0,
"a3":0,
"a4":0,

"b0":7381.91983067123,
"b1":-0.000444324588581605,
"b2":0,
"b3":0,
"b4":0
}