{
"L0":9,
"L1":18,
"H0":3,
"H1":14,
"E0":2,

"id":"MCHP3094081800005198",

"a0":186.829135216026,
"a1":-0.000319661427046939,
"a2":6.55408285246509e-11,
"a3":-4.43925631399432e-18,
"a4":1.12623348492994e-25,

"b0":-4273.39664783054,
"b1":0.00329044755360942,
"b2":-4.44706282614063e-10,
"b3":2.33126181104424e-17,
"b4":-4.53783136565715e-25
}