{
"L0":9,
"L1":18,
"H0":3,
"H1":14,
"E0":2,

"id":"MCHP3094081800005198",

"D0":-8616.91730425307,
"D1":0.00101705446579022,
"D2":0,
"D3":0,
"D4":0,

"S10":8173.42722098968,
"S11":-0.000488730265907849,
"S12":0,
"S13":0,
"S14":0,

"S20":14235.7877525960,
"S21":-0.000850217559595313,
"S22":0,
"S23":0,
"S24":0,

"S30":32397.5247104481,
"S31":-0.00193438845430841,
"S32":0,
"S33":0,
"S34":0
}